6714
1146
3355
2874
6620
4078
3913
6969
5728
7862
8201
3509
4030
665
3890
8835
4266
2097
899
8476
4047
7226
1997
8076
7317
9162
2045
6967
7777
919
8157
5769
923
6297
6848
5544
6363
6990
8556
2969
3037
3619
7093
8091
7188
2390
7315
7171
4842
2277
2901
2741
5396
3954
4495
5933
9316
1558
5359
2567
5689
5726
8926
2193
962
1191
6609
954
2703
4930
767
8903
3016
4932
8349
6562
5015
2508
3957
5967
3200
8449
86
637
945
680
1748
4389
8516
7215
1760
7651
1441
297
5858
8958
128
8758
9602
6821
6941
2990
2679
2839
5556
2955
6951
8719
124
1648
6669
75
4768
3081
6568
1047
1304
5920
7231
4715
2278
3849
4179
8558
8444
6779
5213
9637
4620
5996
6551
1099
199
8903
4455
3343
3974
1324
5381
1061
3271
8773
5981
90
4383
2849
4320
5144
2174
5535
9589
9137
6529
6312
5901
9515
2176
9576
6372
6585
1079
3483
8547
1090
6626
3889
9571
1185
6882
1661
2076
5000
8988
64
4507
3633
561
9852
3394
7858
5016
5912
5897
2956
4022
8656
4946
6513
1888
3317
9114
8367
344
7336
8924
5629
515
6270
4095
8321
4667
5953
9776
3548
4368
8916
666
787
4297
8752
897
1723
9848
4479
4991
1999
5308
3172
5366
2321
4624
1093
8308
5339
3104
5287
4916
4896
5772
3461
4240
9349
5797
1292
1700
5605
4581
1333
2495
2389
7867
2719
5267
5333
7667
3017
1051
8191
3253
2698
5644
9088
3236
5357
8772
4016
6358
8716
4463
480
5795
1175
3193
1038
566
9729
2094
6024
5328
6088
6316
3419
6268
719
5642
8646
3230
6537
2914
336
2149
3412
8601
9507
3999
6256
3088
4195
6236
9883
8211
6703
4618
1018
5534
9891
6415
8598
944
5975
4598
7568
7383
4520
2304
8194
4651
7617
2859
2260
1623
5718
4033
4552
6513
956
935
7346
1467
4856
806
9575
2178
3155
8599
7186
8100
8710
3414
1485
5903
8152
9593
6098
1604
8881
2554
29
7370
9194
1680
381
8302
6100
4988
2392
5976
2689
6079
7672
6330
5522
4665
9014
2929
6590
2076
6001
5598
5660
6847
7787
9198
1454
9454
8241
2069
5226
8751
8548
858
7414
1408
3305
8508
2655
1371
5481
4338
1525
3755
2165
2463
2887
8905
8651
1524
6870
4383
2814
9280
8697
8061
2916
7155
381
9242
9985
2080
7110
7330
3099
1632
7271
6622
1131
1363
9882
1554
1567
5874
7884
9855
7598
3904
9928
4761
8393
3615
1326
7314
778
4702
1664
3381
860
3072
3097
3615
9095
6616
218
744
2790
2896
1459
6064
7367
8009
1162
6644
2126
2237
8443
3359
8614
5456
9612
7229
7430
9269
331
9355
7947
7133
3878
3034
8087
4346
5143
8947
3862
6658
7722
7892
8921
3358
9341
7128
82
5650
9651
5781
2106
9943
1828
2863
130
5268
5541
3994
2900
1644
4127
3069
5301
5232
2319
7329
7225
1189
8041
6888
211
5600
937
779
5160
6622
8920
5260
7743
7264
3512
1354
1047
2132
2013
2515
884
5951
8951
9044
7096
5382
9104
187
9434
9547
14
958
7494
5124
6389
1908
3313
6760
748
3120
8359
2291
1867
9247
9682
9753
5678
8791
1177
7367
3672
8495
4179
3925
3736
5246
9046
3863
7904
3515
4433
227
9736
2787
8562
1661
9838
2986
3092
1901
1623
3288
2521
1171
1527
4245
304
2209
7001
8975
9587
5414
4299
3143
6112
5418
1194
3245
8274
9829
4517
1936
1099
9547
8480
4599
8448
2866
2616
2925
6001
5572
6397
9207
9764
4879
6833
8817
5085
6266
1100
2535
1035
8291
7593
2208
2897
7171
2129
3092
4704
4850
9554
4942
7134
7303
907
7196
9318
472
4295
9939
1500
4928
3651
2176
906
8878
3662
649
4091
3882
2732
402
355
5474
2535
4460
6490
963
434
439
5332
1236
4155
4040
206
8315
2621
6406
2854
5107
6335
9679
2359
9013
1261
8999
1040
9651
2897
8032
3648
6244
3261
8949
4433
857
2791
6064
5774
2030
7537
5340
3394
7372
1381
7204
8318
9964
7818
6330
5286
1718
5285
2244
8472
3527
4430
1153
8506
833
1613
9210
9984
3756
9650
4099
4855
9258
7343
4736
3233
7657
3058
2901
653
8209
7042
1957
4834
4669
6901
3548
3880
7350
8107
456
4611
6811
2603
4146
2492
2685
4489
5611
1966
8103
6912
7313
938
9163
8737
1361
7176
3175
3496
3846
5835
9174
7208
6223
4447
6050
8339
8447
5793
5111
5111
8638
8987
8740
9912
1213
2154
4027
86
8343
5822
5384
8667
2434
7086
7022
7971
7621
9574
1916
9832
5172
9822
2526
7849
1334
6632
6256
8727
2104
2853
3325
2300
2666
6580
7062
9096
5319
8008
9407
3849
3298
3541
8499
1974
6987
1463
8471
3352
6753
5679
684
2342
8818
2411
8910
219
5502
9921
2634
1686
3930
584
3452
2142
4176
7043
1238
1664
6435
4842
7788
5031
7504
5958
7084
406
8112
761
1244
8692
186
3848
7420
6085
8549
5015
6874
9313
2283
959
3556
4836
281
7758
4263
2945
4148
9003
70
1524
2533
8788
9175
2082
7861
342
3048
8559
2004
9112
7695
8316
7298
789
5199
3610
3216
3844
4757
1712
3969
9909
5474
9380
9371
1947
4660
9354
2538
4608
4140
1207
3283
7673
8292
9280
5589
5496
8122
4804
5163
2024
2677
9506
5662
664
3017
9272
4456
4711
4325
1914
7268
7816
9257
8587
8897
7362
980
9563
2693
2103
8380
3454
4494
3647
4311
8292
6708
5952
6198
5610
3866
5532
82
828
7107
8680
4798
5237
769
7236
7580
5349
7560
9499
4796
9821
5394
2473
9310
138
5467
1476
3096
8908
7293
2856
4932
9906
7414
2611
7681
9732
8965
4842
1082
6125
611
1222
5059
5571
5214
8911
9791
819
4497
2867
8671
8174
6415
7074
4981
5658
9999
5433
7846
4710
6145
8218
9214
1647
8063
8948
1198
1400
1615
7236
3872
4393
9268
1560
5627
134
308
5868
8658
4090
9828
8355
1030
1889
