5256
9806
1300
416
2335
5291
5872
6442
81
9577
9372
9923
6081
8304
3662
5622
4252
9049
7779
2183
7323
8325
7888
2331
4389
7643
3494
3095
9537
7486
4260
8260
9033
7559
6950
8636
5947
7795
412
3860
2633
4699
6517
2453
4064
4828
5834
9672
261
6435
7223
4846
3883
5639
5876
7673
6498
626
6018
9835
4505
765
256
5625
2084
7240
1117
5035
5080
3523
5064
995
5027
3835
980
2055
1930
7508
6935
4781
2186
1487
3313
3298
143
8073
4730
1622
9027
2208
6612
1304
5118
3635
4192
8458
7131
5445
8348
928
9948
2285
570
5083
8084
8701
940
92
610
2492
5163
7127
541
850
8118
6502
5227
4368
615
6486
7420
9178
5010
2018
211
242
2136
8907
6068
2386
9192
5505
3768
2694
2996
1520
478
9283
5825
9049
8461
312
3576
6748
9940
8112
2345
5599
8482
6832
9536
6766
1697
6771
5392
5839
4188
8128
9563
576
8754
9028
1939
4384
9795
1650
9083
1270
6375
9940
3447
2402
3438
1884
7954
7374
6274
8651
3967
5665
3000
1949
8455
3008
9318
3008
4480
2209
7822
3295
5422
1757
7688
9631
7235
97
9359
9701
7651
1282
3569
65
2755
730
7162
9676
1711
7507
6090
7289
9802
5583
4466
8843
7984
2418
3935
275
1704
9421
8205
164
9701
7031
5788
1782
5612
9449
2512
9762
2671
3383
2770
3056
6728
2246
2436
2091
7793
894
3762
6910
9056
4078
4580
7294
1169
7911
9968
8003
411
1446
1308
9427
6068
9313
2865
4541
7072
2796
4155
4543
9573
8072
7517
789
5610
9562
8193
191
3054
948
845
829
3460
2914
3457
9961
9244
2978
2253
4465
1965
977
9104
3744
9775
8510
4267
1369
9957
1150
8291
7199
4151
6795
8069
7331
9214
8041
6948
1402
9736
919
399
6138
9371
6254
9438
642
3622
1354
2330
499
9267
497
4828
271
1705
4148
9037
2109
3614
9666
9533
8933
6602
8164
8384
7230
6038
520
3330
7329
8355
8957
1739
4442
7416
5431
446
3899
9315
3424
5339
4237
7616
5916
8213
8324
263
5543
2253
4221
5888
6381
7325
775
5330
5365
2721
7499
8760
5371
6063
5721
1349
6216
5687
2624
2335
2577
8294
2618
2694
3801
3557
5858
5816
7412
6158
8467
6701
7833
1214
5902
2525
4370
118
9463
1410
3059
3579
2541
1816
9045
3598
5844
9184
670
118
1953
8356
8719
6425
4097
4469
1050
3114
4310
2992
6365
9724
2143
3823
5439
9588
9267
1403
5766
7676
346
7295
7219
5364
9000
3720
7627
2515
2359
761
5858
9660
6272
6780
8038
5884
549
6050
7749
4911
2286
4571
1389
5618
4622
1648
4206
3523
6369
6909
5421
1572
9796
8061
9864
2335
2609
3246
9905
9444
8134
740
5337
9469
5825
4505
6586
2146
8138
8306
3536
4808
4925
9517
1381
6837
9298
230
1913
6655
8923
1848
9131
8402
1929
4192
7814
1344
3323
5742
4986
8450
8389
4933
1125
2077
7465
4642
8110
8288
2996
2889
3070
4490
2183
6730
1212
1320
5313
5651
9108
732
4517
1263
8931
4713
6605
428
1617
3323
3147
7898
4267
3843
824
6271
2443
9264
8603
6424
8807
6313
7799
4186
1572
2551
5873
8103
900
4352
3949
5067
6675
2302
996
6614
8233
5598
9972
5332
6733
6852
9668
1720
6871
3851
9090
5064
208
7130
3084
1681
8361
1170
4247
9130
5156
725
495
4391
8242
3569
3627
2228
8186
7033
7452
9985
9571
4180
6290
573
9486
1422
4987
5179
4979
1597
361
5362
6407
1471
5263
2368
7079
9279
6232
8702
7923
5862
371
6926
474
7582
5567
2848
9933
785
559
1349
419
1936
1355
1739
4329
7375
7523
4775
3571
478
9887
6561
5588
947
1544
2889
5798
4339
3373
8103
3846
6927
4227
4720
2079
1931
8989
5189
1153
6682
8467
7749
1502
9909
8146
5346
2225
8106
3936
9249
875
2369
5066
3819
4875
7034
9180
5377
9993
6706
1596
5932
9056
6117
1731
6594
9750
4877
505
3877
5577
1512
972
4597
5063
2648
3133
8198
346
6371
6503
1676
2414
4827
2028
5458
4208
5288
4286
2331
3014
2753
551
7551
9749
266
4518
2343
2674
7816
471
7300
8713
4607
765
2538
9267
9388
2094
3882
184
6383
2491
1772
225
47
9850
6491
7944
3394
3603
7755
8110
2388
7011
5446
9673
9220
2832
7043
2680
4719
5290
1896
2677
7812
2986
4534
6214
2422
9306
8915
9679
128
8049
5638
263
1186
4585
1962
3029
7818
6286
1189
8648
9262
1589
9443
9584
3542
3254
6283
1468
6070
3848
5283
5937
7929
4776
9599
7843
4601
8133
5077
8355
3003
2331
3004
3222
6664
9147
9923
3821
5493
3091
1870
4406
6436
4127
4730
8047
5539
1787
2642
3234
4659
8259
74
609
8499
5834
4729
5455
4026
4852
1396
4585
3668
8848
8276
5167
68
1957
9641
83
4919
7479
2265
5117
137
8774
2449
6088
4225
1684
9580
3437
6679
1329
7473
6426
2982
3701
7254
6302
1517
4953
3267
3155
639
8802
3666
4553
2634
3450
7810
9739
6885
4925
6330
5632
6274
430
9018
5905
755
8644
5502
2018
6584
9268
7772
7790
7527
3564
1756
3667
7029
8904
7575
3207
4736
6245
7880
678
4847
2160
9856
3737
4609
2394
4310
1845
5986
8171
8042
6125
6172
3327
5354
8292
890
7601
8878
2915
3128
899
7262
4147
6150
7687
5764
936
3803
2525
3260
7707
7095
4074
4664
7682
9856
6017
3199
3773
6654
3697
1893
7472
7618
6650
1462
3816
6545
316
8220
7804
4670
7007
81
2882
133
3321
1278
9962
6933
2543
4945
1083
6613
747
1821
40
3063
7990
7403
2111
3705
403
3039
7822
8728
2520
950
7058
1087
3273
7962
8797
4894
2659
5976
2339
4118
8226
4825
4706
4608
7471
1068
2075
6317
5161
2149
769
5656
1678
9646
8285
2472
2887
587
7531
4034
7006
7932
4149
1835
8972
4540
5371
7002
179
5143
6347
3484
7685
5768
2242
