479
4649
2949
7667
2586
3267
2490
2454
5064
6491
5397
2864
2651
8557
4319
7413
128
9770
790
1752
2073
352
6381
5462
74
283
4228
1004
3455
2039
2306
3461
8362
769
7662
5716
2891
1225
1021
3979
9895
3894
8806
4534
7291
3238
7394
6727
874
6800
6207
1519
3778
8329
7411
9253
5565
3982
3373
3126
2179
5204
7111
9
8365
9882
6103
5981
7220
9800
4534
6994
5800
2423
9640
2449
5517
2412
4441
8249
1903
3586
857
679
4358
5827
7134
7233
6980
4451
9161
1487
5964
1705
2259
3446
2093
2106
3749
5138
8427
9668
7510
9520
6063
4484
3279
1957
8229
4116
6347
5295
5571
2885
5002
8086
9673
8804
7316
4894
4579
2524
8555
1051
5628
2761
3450
8273
8413
3780
682
6600
6403
5040
5187
3432
2415
9791
3374
6503
6774
9489
6025
1964
1801
4363
1908
1743
4255
4464
4329
4975
7438
3711
1673
7839
8632
968
1008
9726
8642
3468
8490
5873
3936
7808
5840
6608
1884
2749
6986
3834
9526
472
8937
3637
1029
377
4556
5686
2844
8650
7503
7145
3015
8574
4453
766
8052
699
4186
6048
4463
325
4123
9891
4790
5337
9841
3897
9131
9474
2136
753
2360
188
7453
1134
4316
3267
9398
5391
2228
5910
5980
6735
5829
3678
2084
4699
7445
9525
7403
6156
3929
6661
2655
7537
6777
2910
5978
1722
9616
8994
9721
6354
6064
9041
2668
922
2578
5869
1702
7998
59
2553
2915
9639
1514
323
9337
2092
3421
7898
2136
1686
2899
30
3371
8735
4221
7251
6304
7845
3662
6801
5972
144
482
8908
8167
4398
9338
8955
2415
1064
2085
6838
1705
4371
3642
9249
6122
6645
7761
6207
9923
1601
1042
9653
163
1905
7430
3629
9318
4767
2298
7987
3851
3120
8161
2096
4084
7933
9897
6480
8502
7072
1766
7698
5233
7591
7690
8668
1961
952
758
2792
1970
9426
5978
1422
8075
5515
9672
7679
6961
2891
1287
6508
5940
5620
2979
7585
7702
8092
3202
4114
1023
4585
1138
6000
7951
9497
2349
3671
4619
6314
1518
2983
6216
5740
9150
8989
390
5297
7383
5534
8179
1774
5994
6608
5329
2722
155
4612
7857
6927
5418
4627
4110
4345
9469
3396
9095
8202
1640
1672
8596
4640
4911
6402
4522
2356
5378
2630
4697
5432
839
9357
8194
3980
5382
2258
1638
8988
1117
4605
3194
554
9972
7513
7095
3763
8571
3843
1565
8465
6127
9345
9656
1565
2635
685
155
2830
8731
1357
2200
6467
6988
6721
5153
2296
4960
3352
5865
5480
2589
5870
8804
5920
117
9110
9293
5420
496
1632
1942
5744
7765
888
3690
4501
5656
1707
9983
8990
5597
9286
2359
7077
3690
925
7077
1575
2507
9780
1420
3289
3231
6509
9427
1926
9856
8719
9829
2198
6480
7632
9685
7436
3727
6959
8911
5420
6040
9296
3194
5687
6907
2421
4425
804
9766
2325
6193
2045
7468
9691
2116
2035
6263
8446
7388
6719
3738
760
5523
71
1791
3926
3951
2025
3040
2235
6027
5862
1233
2145
8497
1694
8378
4285
9716
7572
3746
5198
9913
8061
9222
1858
805
1371
5178
4148
4385
2177
6774
1030
8411
7522
7362
5590
5943
2826
4908
5409
1746
456
3958
97
1366
6806
5437
6564
6314
55
4787
1963
8257
4812
2798
1403
5091
3667
3546
9875
8024
6445
5113
2650
4032
6138
3675
7349
3345
468
1609
5091
3912
3348
3738
7397
4368
7924
1576
1164
2624
8611
6749
2000
3454
6814
1704
2347
865
6193
2508
3504
3957
7194
5895
8011
2056
5270
8735
1959
5825
9962
3192
870
5376
4224
403
2368
3056
1340
5041
6602
7945
6458
1861
7010
1395
8822
3479
9862
9396
824
2356
7934
8298
1978
1507
268
7669
2311
51
4158
8971
2049
2992
9453
3151
2639
6372
1830
7532
4002
3529
7443
4603
9778
4717
6373
4324
4073
1679
9343
8464
5820
854
7314
1069
1330
5729
961
4491
4354
7049
7552
8356
6301
4114
5838
9129
3701
5648
8172
1463
7337
7111
2649
7096
3470
4923
6219
8213
1291
4917
5196
2585
7153
6599
8719
7201
6949
6166
8957
8128
3708
342
7745
9327
3090
9445
1452
7714
1254
1469
5749
1349
1813
2925
6177
5509
3714
193
3227
299
7135
8813
8320
5523
955
4521
6777
4923
856
8438
8214
5830
6407
6831
3940
9633
8259
7098
26
8797
2407
2542
886
9611
540
2559
9999
4182
3490
2564
7526
6025
7546
1354
4942
4465
799
8321
2805
7117
8831
6788
7806
1395
3913
8822
7741
6012
8421
1400
8686
7647
5786
1463
9314
7788
9008
9458
6663
7342
9363
7769
9266
3315
752
225
3468
9320
1759
7748
8646
189
3741
5509
7131
5225
4021
9121
7585
2678
2603
3649
7578
7308
8565
9148
6397
988
7398
4409
2524
6354
5815
6898
4547
9902
4708
5429
9836
28
3777
7268
4209
1183
3287
4892
4319
8684
3199
130
7795
8226
2762
3945
2964
3448
7211
4145
8316
8799
8337
6473
5924
6631
3556
1109
283
2573
9851
1050
2659
8993
856
6070
7817
6181
6689
7182
7935
4562
1788
3391
9495
9157
1462
8341
6142
9015
8640
4186
2514
970
9798
5766
6034
9806
9021
1445
2097
292
8041
4198
646
6938
2392
1215
258
613
4846
5166
6479
2765
8734
426
3442
4402
306
8681
9357
2156
5352
9099
3572
9680
6153
6147
7593
4766
8790
4405
1254
9367
1409
6730
9671
3069
1973
5761
3537
6114
1332
6305
4819
242
139
5913
7543
4701
5539
6136
2261
9484
9895
3256
1989
1045
3549
7876
3486
154
611
8987
6272
6955
2808
3229
7675
2172
324
9106
1433
6721
4020
314
3839
9781
5574
6623
3467
3930
5213
5542
5226
5307
4257
1141
281
4158
3447
6654
5222
7621
5689
8521
995
9315
1697
8097
4613
619
3831
7828
7471
2564
6741
3230
662
5866
6323
9039
1585
2446
7299
7896
9568
5261
2235
6102
101
9357
8587
5333
2883
6564
3114
8581
1793
2995
9746
