6483
8800
7997
9041
8056
4646
138
1432
4139
7647
4937
5723
6286
9389
9782
7533
936
145
523
153
2870
6829
2331
7011
1425
4056
7598
1934
8896
5917
8006
8778
9380
4512
1985
3799
2257
6191
5207
3530
5533
7136
3779
9035
9025
5212
2191
361
8524
7272
6775
7851
1591
2940
3520
2132
8179
7715
850
1969
4335
7309
1567
4578
9669
3972
1592
3506
260
7529
7941
2325
2888
3754
8353
926
9461
9107
473
4858
9651
8589
9321
4796
8435
4519
6183
7430
8864
688
219
6112
8097
1759
443
9784
6251
6959
9494
8583
7331
8426
4006
1356
9616
9840
440
7463
9695
5316
6968
8324
7056
4483
7973
9329
1054
2802
7219
398
4556
2132
4400
161
5051
2949
2302
5202
4088
9669
8815
9914
5314
52
5183
3667
2969
6038
4523
6283
5250
9508
191
5835
6887
7135
4301
7422
6171
721
6170
5201
1339
3282
1410
1366
7904
8451
5724
7092
4417
3451
6120
7022
502
5788
9748
3902
2551
1153
4734
2734
8194
3718
6100
7715
1388
2100
263
887
5215
5496
5406
1697
7073
6910
3239
9411
8453
1455
72
272
8203
164
1940
6296
1282
8166
2649
6129
7278
8484
2645
259
213
6480
3785
9201
339
2839
2438
3583
2397
4378
5620
292
1426
8765
2498
6445
8878
7388
583
9739
888
3973
9591
3403
8715
7174
817
2049
2050
7764
949
8048
9340
7941
5411
3991
9168
7867
2766
283
6634
6445
6544
1597
3570
8099
6567
3144
4782
3998
4957
4378
7566
4913
1525
9404
9589
4576
977
336
5575
4388
3521
9398
9358
3816
3158
1755
2983
2740
1380
1646
1449
7667
5
3680
9365
7475
2811
8424
7337
6328
2462
9184
2271
4557
451
1999
5107
2424
5421
8132
2369
6009
2189
9932
8252
9743
7701
9648
108
4663
3227
9150
1295
1906
8345
9666
800
3425
8576
8960
9876
7855
3725
7825
3921
8860
6916
2232
6649
290
7449
4736
6037
5606
4478
2052
285
6348
3829
3194
8835
7335
8551
1660
3279
4364
1518
8325
4101
978
5917
1285
4531
5704
5615
6417
150
1218
8140
1866
7980
4802
9368
4616
8485
8271
7110
1954
1715
2837
171
7405
848
1256
8108
5487
9774
7318
5913
5023
3625
921
3795
4635
7913
7301
5992
8452
4148
4596
7776
6090
1008
7083
2864
1680
9478
6233
2379
6540
7298
4940
4296
9277
9751
3199
4943
7017
2783
2772
909
6594
4416
3514
4072
8261
3067
6779
8140
3775
1965
6565
8803
7963
1512
2499
5571
4748
7660
2183
4737
2868
9631
6918
2883
2287
3564
4912
4547
7071
8375
218
5392
8340
9727
6826
5103
4904
588
8094
3998
8708
3895
8954
3705
5362
8553
1820
1910
7937
2732
8141
5786
3870
4669
503
4414
3078
2195
45
1581
6900
986
7676
4708
5896
9912
9756
5340
4135
2368
7074
8148
9289
6325
4742
2246
2371
4662
7531
2700
1297
7336
9792
316
1200
6449
6259
1663
2981
7248
9373
8623
7662
2251
8654
7582
2867
9808
2389
9140
1047
8973
187
8704
8353
235
5229
9359
6002
2420
5205
8219
834
1045
3780
5322
4204
6223
814
4696
786
3032
8817
4191
7070
4430
4275
2530
2391
7612
7256
9865
220
4229
3053
5319
320
300
2564
6983
7234
998
5420
5573
7143
7576
3995
8313
3462
8906
1099
3789
6688
845
239
5488
8587
2824
4977
2468
2714
9534
2649
5201
7738
5340
4044
5036
2538
4286
7950
6835
1160
5441
6165
1151
3300
3283
4476
9420
3156
2183
10000
164
4788
5412
4219
3255
7783
4541
3722
6119
8446
299
493
8816
5780
3735
1019
661
4324
212
4400
2661
2263
3080
8612
3869
4078
2539
9528
3735
6920
5625
2527
8255
6768
2
6535
8518
8535
1792
1492
2896
4889
616
599
1528
6206
8729
1520
6164
3504
290
8685
8019
7860
1872
5133
786
7239
6149
9525
158
5494
8820
6238
8771
5882
7337
986
1443
4510
4246
4289
4835
1822
4823
1500
2479
2126
8407
6093
8126
2420
6156
665
8816
4099
3165
4339
692
629
6643
7575
6005
4084
8573
5695
4100
7653
7438
5205
1266
609
2258
662
2692
7521
2814
7663
4265
7510
2244
7655
1511
8723
3702
873
6097
5399
9906
8364
181
2282
7563
3616
6241
8804
5240
360
4374
884
8422
942
2789
5924
6457
7911
2870
7655
9551
4917
88
7627
2837
4115
7954
9281
8260
7232
2648
2933
9411
9867
1226
2684
3264
2231
8470
9194
8952
171
2493
1614
8819
9097
6674
4890
9966
8936
1215
9122
5904
1569
978
2928
1262
6083
8261
9826
1146
9219
3371
1953
6037
5875
3126
2750
9061
2333
2550
763
9442
1725
7788
5732
5691
7449
60
1848
2518
7645
7505
4056
9092
3959
7034
5514
5058
1500
1058
4874
5740
213
541
5454
5708
6761
5007
9493
2720
4232
5975
891
474
4978
1480
2667
2240
6802
2616
6370
6260
4186
5185
2411
8910
8652
7796
6349
4437
1698
7550
6221
6686
9994
6355
9393
347
9346
3639
4579
7348
5868
6700
4638
9634
8654
2533
5848
4056
5224
6696
6715
5213
2387
9906
9441
6276
947
3813
5180
8413
7080
7837
6176
5924
2727
8608
590
1462
8784
1811
6109
2804
60
3369
4983
2609
772
8950
9757
389
8001
5634
9336
6548
5947
7770
7982
8489
6256
1104
2844
9147
8836
2386
2198
7250
6847
6360
4424
2691
936
5543
5048
5814
3644
9474
1083
7529
1530
1361
6480
2989
5678
9658
9341
2686
7096
1563
6436
4112
6984
2233
1809
1637
2969
1554
3443
3244
4215
1439
6980
7843
2574
4806
2167
4941
9376
8556
5421
9214
2115
5560
6132
2803
4181
1954
2541
4270
1036
3994
888
6335
9567
1093
990
1615
9418
129
6011
3430
3746
9114
1574
6156
310
7430
4238
621
6205
8746
2755
661
2354
6528
2189
4234
1257
4944
1853
8681
5693
2443
2783
6889
8775
8070
1384
4316
2685
8163
1042
5620
7141
828
4193
8450
68
7449
7905
