8208
2216
3726
7297
2906
7108
1313
1283
8019
658
8056
885
7505
1661
1932
6254
7271
7602
4211
402
4107
9534
9634
6428
4274
9540
6569
4248
4648
9611
3836
2410
8204
6754
8706
4718
775
2513
8919
349
4093
670
1948
6264
2188
6808
1614
9557
7858
4915
4788
4867
4827
5584
3234
6891
7095
3736
4250
8917
298
5862
7154
6868
8077
3758
9664
7887
5363
4302
8994
9597
7318
7391
2619
8172
8895
8791
2584
1518
7492
2687
608
5617
9659
2412
6841
7514
8269
9613
9000
7421
4486
2671
896
5499
1497
5392
6876
8040
5696
2014
5847
1239
3649
8091
9448
4517
525
8624
7468
7903
8642
5163
2316
5969
3168
5590
9565
77
1304
3285
7701
1987
1775
8156
5803
6371
9139
9835
9336
2076
1893
6599
1754
9616
5108
2869
7128
6422
8970
4198
9599
5915
6736
8842
5258
3287
4525
8930
2864
6904
4875
4070
2136
8445
8666
1983
8039
9024
2062
9555
9210
4432
1716
91
3535
3530
114
1730
7117
276
9356
7196
9189
8711
6978
2736
2160
1654
1847
1188
3303
8319
3196
8404
7330
4940
4091
9838
7512
1990
4592
6109
5605
2552
1793
1215
4362
7995
8527
7221
4702
4995
9668
7927
1137
8485
8748
9458
7921
7299
3729
6080
630
5014
2382
9298
2777
8679
5525
7531
8738
9546
8652
1276
8429
7527
6817
9799
1678
5318
1023
6227
7244
3750
3145
2348
1577
9835
5203
6515
9058
5506
9936
137
1937
673
8981
8692
6704
2624
3916
2939
8648
718
7477
2964
8999
2930
9752
7112
4816
7487
5062
5439
5212
8210
509
8893
6991
8859
7625
6680
1622
3926
4695
101
3724
4917
5317
5214
8619
7388
6118
1235
5055
5896
785
3802
7894
8813
153
9476
5204
602
4120
6109
3587
5483
7796
4799
5720
1723
8499
1268
1057
6564
4555
38
42
2981
770
5782
9374
9438
9780
5109
9483
8139
2963
6257
510
6603
9721
639
3438
1548
4584
594
2389
276
387
9398
152
1662
9590
3436
9591
8496
8031
8946
5024
6533
1504
845
2334
9083
6572
6534
4175
7755
3663
3278
7156
7409
4203
3775
4353
5767
8492
4529
6644
3282
6141
678
8722
1800
4836
6147
2861
9629
7928
2539
6898
7577
3555
4297
2878
1127
5282
6345
7121
3340
7769
8980
6251
5682
1587
3047
8274
9985
6760
799
3718
5849
3111
9635
235
6414
5682
7453
6774
5552
2745
8358
3555
9029
1663
2557
8195
6246
5817
9700
4083
4195
5877
7688
5719
3587
9479
3051
4597
5213
5550
1023
3598
8988
5285
4240
3528
8946
8517
7743
7254
940
8999
8583
9737
1086
6744
7374
815
7611
9574
9482
3930
2034
3335
7485
5724
1672
9576
9710
1550
7279
6659
597
320
1376
3850
3091
5930
6586
4415
3356
2113
8294
8854
754
9414
8726
2882
4159
5144
250
6108
1118
1098
2191
5203
3063
415
3893
6749
2565
6657
5067
9275
9366
8113
2633
2970
5023
7768
8889
182
9464
5676
1122
5145
8091
2367
547
5665
1333
5969
1065
7936
9686
1350
8701
717
7675
1955
701
1687
5813
5009
6277
7642
4213
7731
8298
7306
3815
8484
5795
1692
9320
3770
564
4421
2182
9736
8728
41
4258
8079
4154
821
1252
9139
7936
8137
7900
6396
133
7213
7216
3779
1585
3620
9863
5757
1976
7694
7920
5284
4972
3943
5472
6064
8223
7373
4326
116
9385
4927
4781
6101
5170
2192
9342
3798
5180
4635
6702
8878
7904
3569
4699
891
3876
9741
1599
8544
8102
8697
2703
1386
8680
1641
5586
6880
6216
2693
2081
9096
5002
5573
9000
4503
4500
2213
5510
5440
9878
215
6598
7278
1860
1015
6346
6285
5745
1754
9025
9266
3897
3248
4870
2330
5371
1912
117
4304
7890
2914
809
4873
1711
5392
5111
2409
5013
5814
3153
1592
7344
1137
4632
5055
834
4244
1729
988
3836
3421
2562
6774
9109
1990
7530
7434
7162
247
9290
1411
8466
8264
6660
2712
5133
1892
430
336
7689
90
1091
5281
9152
4669
6647
1605
3409
2075
2052
2429
8873
811
4629
3904
3998
9711
8511
8220
2984
1401
5463
1198
4588
1434
212
9148
6470
5718
6722
1743
3571
1699
256
4798
1865
5232
3367
1941
131
3697
3511
3909
8748
6137
9103
8676
6999
6353
6473
5781
313
9764
1152
931
6500
8733
3182
5959
5280
7448
119
2042
9144
9637
5564
4932
9855
7276
3884
5634
7389
1946
7581
2069
1897
4729
5331
7383
4277
3469
7579
521
3521
2091
1607
1144
8189
2964
4982
8351
2622
7503
8399
533
732
9909
1962
8919
8358
8614
139
2256
6642
5833
8172
9604
8325
624
3254
7180
715
3386
6315
6236
4324
3234
4835
3105
2043
9044
6928
2102
8052
5568
4752
5205
3266
3671
7296
106
8594
482
6920
3507
2599
1059
2998
6644
6323
3523
2138
6920
5502
3674
508
9409
7222
4237
5205
928
7828
3233
6176
320
647
5005
654
589
1599
4574
9472
1506
679
885
9205
896
3920
1531
5473
5754
487
1524
4886
877
6578
6337
5089
9070
6908
8959
2755
4875
9690
2270
9194
4579
6697
4092
9820
6593
1718
9583
5856
2484
234
2785
7865
1866
2048
4405
6223
74
7189
7129
1611
5569
4010
3140
7231
1045
3369
5774
6081
1173
2210
1663
5906
2129
4016
9407
3982
9446
45
4397
610
497
5486
6395
2565
8773
5276
2487
661
472
7825
7252
5840
8392
3308
4694
2107
8314
8144
9549
3617
4787
7999
4825
8780
8319
2094
636
8793
1855
7910
6125
4267
6336
87
3736
8575
7254
3640
962
2407
6920
1279
27
6454
2052
3065
6636
7319
6451
4631
8704
4874
2359
1638
287
5291
8737
2521
5765
736
4336
4245
9490
6656
9940
9817
9994
3483
2848
6344
3389
9241
3213
9572
7504
6851
5547
1608
1450
8776
8930
4001
9979
6397
5399
9755
1782
869
7499
6068
3104
2280
3053
6159
2177
4883
4176
7016
4327
508
8903
5423
7545
8559
9692
8258
